8150181500
8152181520
8155181553
8156181500
8157181520
8261082611
8330183300
8361083611
8402384003
8442184423
8451184513
8462184623
8463184613
8472184723
8473184733
8580185800
8640186400
8642186400
8728187260
8761087200
8823088231
8824088900
8857388513
8931389311
8959189603
9055090500
9161091200
9393393931
9421194213
9506195060
9514195103
9538395381
9539195300
9571095700
9831198003
9950399501
9960399601
9961399611
9962399621
9980399801
9982399821
9983399831
9984399841
9985399801
9986399801
9987399891
9989399891
9597397093
9688396803
9712396803
9724397023
9725397023
9726397093
9735396843
9737396843
9738396803
9751397201
9759397203
9806398013
9807398013
9808398613
9809398613
9811398213
9812398213
9813398213
9814398263
9815398213
9816398213
9817398213
9818396853
9831398003
9865398613
9869398613
9898398603
9911398613
9965399601
9966399601
9967399601
9971397133
9975399601
9981399891
9991399891
9992399891
9992399891
